<?xml version="1.0"?>
<opencv_storage>
<reprojectionError>5.9681366987948152e+000</reprojectionError>
<projectorCalibration type_id="opencv-matrix">
  <rows>3</rows>
  <cols>4</cols>
  <dt>d</dt>
  <data>
    2.6227609984154071e+004 -2.8019368739322222e+003
    1.7335609405684623e+004 -4.1189323723292127e+003
    -3.7751135386878159e+003 -2.6055640831768942e+004
    8.3731518192992316e+003 -2.8647025815140778e+003
    -3.3131867222319586e+000 -1.3550563804408657e+000
    1.1816544419830658e+001 1.</data></projectorCalibration>
<internalMatrix type_id="opencv-matrix">
  <rows>3</rows>
  <cols>3</cols>
  <dt>d</dt>
  <data>
    2.4284574197989282e+003 6.3114698792063511e+000
    -7.9863246276864743e+002 0. 2.0199091512074817e+003
    -9.6268883455598439e+002 0. 0. -1.</data></internalMatrix>
<cameraMatrix type_id="opencv-matrix">
  <rows>4</rows>
  <cols>4</cols>
  <dt>d</dt>
  <data>
    2.8910207378558672e+000 7.5136546181027997e-003
    4.9247068132562521e-002 0. 0. 3.8474460022999653e+000
    8.3369301820187491e-001 0. 0. 0. -1.0006001800540163e+000
    -6.0018005401620486e-002 0. 0. -1. 0.</data></cameraMatrix>
<externalMatrix type_id="opencv-matrix">
  <rows>4</rows>
  <cols>4</cols>
  <dt>d</dt>
  <data>
    9.6303721586205826e-001 -5.4776577175041162e-002
    2.6374011347848136e-001 -1.6360886108702802e-001
    2.3478677005806258e-002 9.9244879051321744e-001
    1.2039165226422031e-001 1.5346725415639570e-001
    2.6834319926301925e-001 1.0974937267173183e-001
    -9.5705120166449242e-001 -8.0992476959538068e-002 0. 0. 0. 1.</data></externalMatrix>
</opencv_storage>
