<?xml version="1.0"?>
<opencv_storage>
<reprojectionError>5.5694452797761169e+000</reprojectionError>
<projectorCalibration type_id="opencv-matrix">
  <rows>3</rows>
  <cols>4</cols>
  <dt>d</dt>
  <data>
    -3.1570695923419327e+004 3.0492197867435522e+002
    -1.6854830093951445e+004 7.3354806920990877e+003
    1.5149657088825916e+003 2.6346193684670583e+004
    -1.0344301224577997e+004 6.3784347697984049e+003
    2.4523978500299433e+000 1.0427077008389147e+000
    -1.3328219059444546e+001 1.</data></projectorCalibration>
<internalMatrix type_id="opencv-matrix">
  <rows>3</rows>
  <cols>3</cols>
  <dt>d</dt>
  <data>
    -2.5090949552154061e+003 1.3173161248237246e+000
    -7.9861738192247196e+002 0. -1.8738888242339324e+003
    -9.1509754412131531e+002 0. 0. -1.</data></internalMatrix>
<cameraMatrix type_id="opencv-matrix">
  <rows>4</rows>
  <cols>4</cols>
  <dt>d</dt>
  <data>
    -2.9870178038278645e+000 1.5682334819330057e-003
    4.9265021520866648e-002 0. 0. -3.5693120461598711e+000
    7.4304294118345782e-001 0. 0. 0. -1.0006001800540163e+000
    -6.0018005401620486e-002 0. 0. -1. 0.</data></cameraMatrix>
<externalMatrix type_id="opencv-matrix">
  <rows>4</rows>
  <cols>4</cols>
  <dt>d</dt>
  <data>
    -9.8317117837143619e-001 -1.4953007891782583e-002
    -1.8207372565724592e-001 1.9178891225058922e-001
    2.8630529916934096e-002 -9.9694095106097225e-001
    -7.2725737220876371e-002 -2.1450147742678649e-001
    1.8042928469734978e-001 7.6714716010897882e-002
    -9.8059172216115009e-001 7.3572599443906053e-002 0. 0. 0. 1.</data></externalMatrix>
</opencv_storage>
