<?xml version="1.0"?>
<opencv_storage>
<reprojectionError>1.2429941789181885e+003</reprojectionError>
<projectorCalibration type_id="opencv-matrix">
  <rows>3</rows>
  <cols>4</cols>
  <dt>d</dt>
  <data>
    1.0117276037438384e+002 3.7883601964381427e+002
    -6.3658799748489901e+002 5.9651031386990462e+002
    9.2652437090713903e+001 1.8301346334238031e+002
    -3.8167149855848555e+002 3.6221008408362655e+002
    2.2271683255800451e-001 6.0395437315730516e-001
    -1.0323391503221129e+000 1.</data></projectorCalibration>
<internalMatrix type_id="opencv-matrix">
  <rows>3</rows>
  <cols>3</cols>
  <dt>d</dt>
  <data>
    2.5914570225609786e+001 -1.5226997271456733e+001
    -6.1381984489889419e+002 0. 3.0763158070601271e+001
    -3.5483129556756018e+002 0. 0. -1.</data></internalMatrix>
<cameraMatrix type_id="opencv-matrix">
  <rows>4</rows>
  <cols>4</cols>
  <dt>d</dt>
  <data>
    4.0491515977515297e-002 -2.3792183236651148e-002
    4.0906492345477830e-002 0. 0. 7.6907895176503177e-002
    -1.1292176108109953e-001 0. 0. 0. -1.0006001800540163e+000
    -6.0018005401620486e-002 0. 0. -1. 0.</data></cameraMatrix>
<externalMatrix type_id="opencv-matrix">
  <rows>4</rows>
  <cols>4</cols>
  <dt>d</dt>
  <data>
    -9.1320495108854827e-001 -2.3377031741419751e-001
    -3.3377860327382763e-001 -4.3318596698186090e-001
    -3.6406497821303668e-001 8.3600598114635294e-001
    4.1054925542042442e-001 -1.9715618579537852e-001
    -1.8306667896180051e-001 -4.9643271264451250e-001
    8.4855238663874366e-001 -8.2197055722819035e-001 0. 0. 0. 1.</data></externalMatrix>
</opencv_storage>
